SCD 1                   
1 22490U 93009B   18278.15892708  .00000237  00000-0  15087-4 0  9991
2 22490  24.9698 258.7422 0042782 309.2719 137.6377 14.44532861354353
TECHSAT 1B (GO-32)      
1 25397U 98043D   18277.88200906 -.00000015  00000-0  12590-4 0  9996
2 25397  98.6573 216.5416 0002354  73.2593 286.8844 14.23652342 51338
SCD 2                   
1 25504U 98060A   18277.64074281  .00000221  00000-0  11581-4 0  9991
2 25504  24.9953 108.0613 0017176 331.5477  72.4936 14.44051053 53591
LANDSAT 7               
1 25682U 99020A   18278.17802648 -.00000169  00000-0 -27471-4 0  9998
2 25682  98.1607 346.2614 0001015  74.9908 285.1406 14.57137251 35769
DLR-TUBSAT              
1 25757U 99029B   18278.29356114 -.00000034  00000-0  30302-5 0  9993
2 25757  98.4037 195.2603 0013114 288.9176  71.0597 14.51389663 25389
QUIKSCAT                
1 25789U 99034A   18277.54951756 -.00000017  00000-0  86625-5 0  9994
2 25789  98.6039 104.3543 0098508 212.4919 147.0186 14.49315700  4898
TERRA                   
1 25994U 99068A   18278.19268782 -.00000113  00000-0 -15136-4 0  9997
2 25994  98.1984 351.4199 0001264  83.9632 276.1752 14.57122398999847
MAROC-TUBSAT            
1 27004U 01056D   18278.30688810 -.00000036  00000-0  92741-5 0  9993
2 27004  99.4283  51.6912 0019845 181.2205 208.4058 13.70131196841103
AQUA                    
1 27424U 02022A   18277.12472289  .00000085  00000-0  28832-4 0  9995
2 27424  98.2028 216.6538 0002977  94.8618 328.1411 14.57111544873294
IRS-P6 (RESOURCESAT-1)  
1 28051U 03046A   18278.21793245  .00000858  00000-0  31586-3 0  9995
2 28051  98.5461 354.2543 0058963  69.1975 291.5602 14.34143522777347
SHIYAN 1 (SY-1)         
1 28220U 04012A   18277.84165989  .00000953  00000-0  82122-4 0  9992
2 28220  97.7621 235.2706 0010565  18.3897 341.7706 14.99660041787556
FORMOSAT-2 (ROCSAT 2)   
1 28254U 04018A   18278.18987500  .00000107  00000-0  10000-3 0  9990
2 28254  98.7962 327.5407 0000994 354.9315  41.5130 14.00649284735090
AURA                    
1 28376U 04026A   18277.87354345  .00000093  00000-0  30584-4 0  9998
2 28376  98.2029 219.5462 0001893  77.3103 282.8307 14.57115783756447
IRS-P5 (CARTOSAT-1)     
1 28649U 05017A   18278.21326813  .00000108  00000-0  19401-4 0  9992
2 28649  97.8139 348.7595 0000874 346.6050  13.5146 14.83479265726400
SINAH 1                 
1 28893U 05043D   18278.16965508 -.00000007  00000-0  75469-5 0  9992
2 28893  97.9384  60.3077 0016619  96.3858 263.9236 14.61484328689833
EROS B                  
1 29079U 06014A   18278.28350711  .00001469  00000-0  65359-4 0  9993
2 29079  97.3980  35.3784 0002322 343.6888  70.7933 15.23043842690662
RESURS-DK 1             
1 29228U 06021A   18278.25588265  .00000065  00000-0  12273-4 0  9999
2 29228  69.9362 329.1921 0006781 308.4907  51.5645 15.02361849679445
ARIRANG-2 (KOMPSAT-2)   
1 29268U 06031A   18278.25444297  .00000050  00000-0  19116-4 0  9997
2 29268  98.0533 172.0866 0017184 315.7208  44.2619 14.62380471650423
LAPAN-TUBSAT            
1 29709U 07001A   18278.07985622  .00000011  00000-0  78873-5 0  9990
2 29709  97.7679 242.1408 0012848 346.5190  13.5684 14.82142045634322
CARTOSAT-2 (IRS-P7)     
1 29710U 07001B   18278.08414307  .00000215  00000-0  36159-4 0  9996
2 29710  97.8638 335.1548 0002223  83.1295 277.0175 14.78708428633378
HAIYANG-1B              
1 31113U 07010A   18278.10418568  .00000007  00000-0  19116-4 0  9995
2 31113  98.4955 328.6157 0012431 245.7255 114.2645 14.30208823599359
COSMO-SKYMED 1          
1 31598U 07023A   18278.24559610 -.00001398  00000-0 -16914-3 0  9993
2 31598  97.8906 100.2617 0001301  95.6749 264.4614 14.82144449612815
TERRASAR-X              
1 31698U 07026A   18275.65952042  .00000651  00000-0  34183-4 0  9993
2 31698  97.4467 281.5890 0001785  74.9698  29.9646 15.19154719626602
WORLDVIEW-1 (WV-1)      
1 32060U 07041A   18278.29106079  .00000710  00000-0  31803-4 0  9990
2 32060  97.3896  36.3995 0001909  34.7575 355.5774 15.24429055614633
YAOGAN 3                
1 32289U 07055A   18278.24995403  .00000037  00000-0  11640-4 0  9999
2 32289  98.0077 284.3439 0001057 104.9532 255.1811 14.80917575589043
COSMO-SKYMED 2          
1 32376U 07059A   18278.27935027 -.00000082  00000-0 -37551-5 0  9991
2 32376  97.8903 100.2926 0001295  83.2810 276.8512 14.82153973585561
RADARSAT-2              
1 32382U 07061A   18278.28584145  .00000019  00000-0  24092-4 0  9996
2 32382  98.5779 283.9563 0001002  94.9604  35.8585 14.29983683564198
CARTOSAT-2A             
1 32783U 08021A   18278.19745814  .00000038  00000-0  12093-4 0  9999
2 32783  97.8649 335.4286 0012145 215.1183 144.9235 14.78711307563330
JASON-2 (OSTM)          
1 33105U 08032A   18277.56734213 -.00000079  00000-0 -67116-4 0  9994
2 33105  66.0402 204.7343 0007959 267.6614 146.3946 12.87626534481669
RAPIDEYE 2              
1 33312U 08040A   18278.20007815  .00000036  00000-0  11496-4 0  9997
2 33312  97.7773 350.3930 0011146 243.3598 116.6474 14.79900909545623
RAPIDEYE 5              
1 33313U 08040B   18278.22355604  .00000012  00000-0  82827-5 0  9993
2 33313  97.7867 349.0006 0017834 119.2795 241.0218 14.79901442545573
RAPIDEYE 1              
1 33314U 08040C   18278.27940050  .00000005  00000-0  74652-5 0  9993
2 33314  97.7786 350.1931 0022498 259.1600 100.7089 14.79902918545627
RAPIDEYE 3              
1 33315U 08040D   18278.24786213  .00000053  00000-0  13703-4 0  9992
2 33315  97.7891 348.8539 0011509 191.0311 169.0662 14.79900878545580
RAPIDEYE 4              
1 33316U 08040E   18278.23558805  .00000046  00000-0  12739-4 0  9996
2 33316  97.7919 348.6039 0012164 135.6519 224.5683 14.79899113545575
HUANJING 1A (HJ-1A)     
1 33320U 08041A   18278.25146269  .00000059  00000-0  15607-4 0  9992
2 33320  97.8769 338.3790 0024754 292.3090  67.5492 14.76959633542905
HUANJING 1B (HJ-1B)     
1 33321U 08041B   18278.23014461  .00000118  00000-0  23889-4 0  9996
2 33321  97.8834 339.9705 0033755 309.8440  49.9806 14.77053672542896
GEOEYE 1                
1 33331U 08042A   18278.33526267 -.00000096  00000-0 -91270-5 0  9998
2 33331  98.1234 351.6720 0008944 205.6546 154.4207 14.64242207538639
THEOS                   
1 33396U 08049A   18278.28165874  .00000169  00000-0  10000-3 0  9992
2 33396  98.7211 344.5368 0000887 101.9261 337.7489 14.20023967518908
COSMO-SKYMED 3          
1 33412U 08054A   18278.26668989 -.00000081  00000-0 -35853-5 0  9990
2 33412  97.8910 100.2836 0001402  82.9253 277.2124 14.82151926538027
YAOGAN 4                
1 33446U 08061A   18277.96142497  .00000089  00000-0  19485-4 0  9990
2 33446  97.6391 253.1704 0015748 193.2810 166.7988 14.76890860530099
GOSAT (IBUKI)           
1 33492U 09002A   18278.19250906 -.00000088  00000-0 -71049-5 0  9994
2 33492  98.0129  30.7586 0000869  70.8001 289.3295 14.67576708519497
YAOGAN 6                
1 34839U 09021A   18278.14433400  .00000456  00000-0  19975-4 0  9994
2 34839  97.0832 310.7962 0030115  74.6046 285.8517 15.26305591525020
DEIMOS-1                
1 35681U 09041A   18278.24202719 -.00000111  00000-0 -10143-4 0  9998
2 35681  97.8931 163.1701 0000642 181.2130 178.9073 14.71750216493015
DUBAISAT-1              
1 35682U 09041B   18278.16466666  .00000042  00000-0  14939-4 0  9991
2 35682  97.7459 120.2135 0012561  75.3553 284.9039 14.68692351491929
OCEANSAT-2              
1 35931U 09051A   18277.78997658  .00000072  00000-0  29338-4 0  9998
2 35931  98.3039  11.3343 0002647 147.9814 212.1542 14.50855866478276
WORLDVIEW-2 (WV-2)      
1 35946U 09055A   18278.31295362 -.00000357  00000-0 -10454-3 0  9997
2 35946  98.4618 353.4002 0002313  61.8672 298.2749 14.37593382471773
SMOS                    
1 36036U 09059A   18277.12038100  .00000033  00000-0  24402-4 0  9993
2 36036  98.4450 103.0581 0001056  87.8978 272.2331 14.39756005468814
YAOGAN 7                
1 36110U 09069A   18278.22279030  .00000034  00000-0  13061-4 0  9998
2 36110  98.2607  90.5735 0025320  39.6382 320.6663 14.75153796474916
TANDEM-X                
1 36605U 10030A   18277.83279384 -.00000955  00000-0 -42311-4 0  9999
2 36605  97.4469 283.7306 0001729  87.8765  14.9369 15.19144173459679
CARTOSAT-2B             
1 36795U 10035A   18278.23402483  .00000024  00000-0  10192-4 0  9994
2 36795  97.8627 335.1412 0013412 296.3783  63.6049 14.78726067444388
YAOGAN 10               
1 36834U 10038A   18278.28149850 -.00000001  00000-0  66564-5 0  9993
2 36834  97.9575 275.3703 0001182  81.8533 278.2815 14.80876548440793
COSMO-SKYMED 4          
1 37216U 10060A   18278.09368882 -.00000186  00000-0 -16773-4 0  9991
2 37216  97.8906 100.1092 0001278  85.6472 274.4860 14.82152825428084
RESOURCESAT-2           
1 37387U 11015A   18278.23501434  .00000007  00000-0  23181-4 0  9990
2 37387  98.7464 351.1363 0004561  57.6600 302.5034 14.21610140387173
HAIYANG 2A              
1 37781U 11043A   18278.26760615 -.00000033  00000-0  10538-4 0  9992
2 37781  99.3242 286.5955 0001105 127.8912 232.2342 13.78717426359443
RASAT                   
1 37791U 11044D   18278.20402730  .00000021  00000-0  12918-4 0  9999
2 37791  98.1260   9.4149 0023172  67.2707 293.0950 14.64684070381309
MEGHA-TROPIQUES         
1 37838U 11058A   18278.08225404  .00000337  00000-0  41286-4 0  9993
2 37838  19.9768 161.0788 0009327 228.7570 131.2031 14.09694947360197
SRMSAT                  
1 37841U 11058D   18277.03260618  .00000298  00000-0  18310-4 0  9995
2 37841  19.9712 148.6746 0011824 246.0064 258.3044 14.10615579360260
YAOGAN 13               
1 37941U 11072A   18278.28387521  .00000697  00000-0  37467-4 0  9990
2 37941  97.5056 206.7854 0001502  49.4290 102.0556 15.18130021379736
PLEIADES 1A             
1 38012U 11076F   18278.20354088 -.00000026  00000-0  41677-5 0  9994
2 38012  98.1922 351.6222 0001174  84.6758 275.4581 14.58551991362101
ZIYUAN 1-02C (ZY 1-02C) 
1 38038U 11079A   18278.23783338  .00000034  00000-0  26452-4 0  9993
2 38038  98.2806 329.9098 0001510  99.6150 260.5205 14.35480354355655
ZIYUAN 3 (ZY 3)         
1 38046U 12001A   18278.22434295  .00000540  00000-0  27262-4 0  9994
2 38046  97.4843 348.9911 0001543 181.7920 263.1190 15.21305636374170
RISAT-1                 
1 38248U 12017A   18278.14447380  .00000478  00000-0  33666-4 0  9990
2 38248  97.5732 284.9278 0003143 196.8702 204.8955 15.09623838354880
ARIRANG-3 (KOMPSAT-3)   
1 38338U 12025B   18278.23019780  .00000052  00000-0  19811-4 0  9992
2 38338  98.1323 214.7468 0008877 289.8926  70.1325 14.61712572340572
KANOPUS-V 1             
1 38707U 12039A   18278.26359363  .00000098  00000-0  79047-5 0  9992
2 38707  97.4500 195.2472 0001734  82.0592  35.8293 15.18900019344200
EXACTVIEW-1 (ADS-1B)    
1 38709U 12039C   18278.26548705 -.00000020  00000-0  11990-4 0  9992
2 38709  99.1417 277.5420 0010861 338.8938  21.1801 14.23974080322441
SPOT 6                  
1 38755U 12047A   18278.08159429 -.00000056  00000-0 -21882-5 0  9995
2 38755  98.1642 343.6784 0001304  89.3785 270.7568 14.58569432323160
PLEIADES 1B             
1 39019U 12068A   18278.23801136 -.00000030  00000-0  33843-5 0  9999
2 39019  98.1948 351.6843 0001220  81.4688 278.6666 14.58557118310968
GOKTURK 2               
1 39030U 12073A   18278.25180151  .00000011  00000-0  94166-5 0  9990
2 39030  97.9391 166.9723 0002045  29.6244 330.5082 14.72731017310476
LANDSAT 8               
1 39084U 13008A   18278.21397311  .00000037  00000-0  18294-4 0  9997
2 39084  98.2198 346.8634 0001334  89.7211 270.4140 14.57103877300235
SARAL                   
1 39086U 13009A   18278.16077568  .00000005  00000-0  18039-4 0  9995
2 39086  98.5411 103.3344 0000423  16.5796 343.5402 14.32023497293085
GAOFEN 1                
1 39150U 13018A   18278.23672491  .00000030  00000-0  11647-4 0  9997
2 39150  97.9213 358.8299 0018414 327.7490  32.2597 14.76526603293344
VNREDSAT 1              
1 39160U 13021B   18277.78784890  .00000036  00000-0  16253-4 0  9992
2 39160  98.2106 349.9515 0001352  82.1594 277.9759 14.62878439288997
ARIRANG-5 (KOMPSAT-5)   
1 39227U 13042A   18278.27698008  .00000818  00000-0  62714-4 0  9990
2 39227  97.6153 101.1406 0000846  75.2449  43.6471 15.04521294281120
YAOGAN 18               
1 39363U 13059A   18278.26513450  .00000404  00000-0  23026-4 0  9999
2 39363  97.3354 339.0178 0001526  47.3896  38.1768 15.18049109273394
SKYSAT-1                
1 39418U 13066C   18278.14770323 -.00000627  00000-0 -46981-4 0  9993
2 39418  97.6703 359.4678 0021634 127.0617 233.2600 14.98719907266219
DUBAISAT-2              
1 39419U 13066D   18278.25628016 -.00000322  00000-0 -25025-4 0  9995
2 39419  97.6269 343.6307 0014942 119.6785 240.5938 14.93890163265424
GPM-CORE                
1 39574U 14009C   18277.05325034  .00001660  00000-0  28546-4 0  9991
2 39574  65.0047 108.4025 0011026 280.5927  79.3977 15.55448365261248
SENTINEL-1A             
1 39634U 14016A   18278.25314378  .00000005  00000-0  10823-4 0  9999
2 39634  98.1825 284.1218 0001311  74.5262 285.6081 14.59199086239970
KAZEOSAT 1              
1 39731U 14024A   18278.23790329  .00000003  00000-0  14107-4 0  9995
2 39731  98.3804 354.7977 0001388  86.5843 273.5520 14.42024349233356
ALOS-2                  
1 39766U 14029A   18278.23575513 -.00000147  00000-0 -12832-4 0  9998
2 39766  97.9221  13.7451 0001404  87.3080 272.8320 14.79469984235846
KAZEOSAT 2              
1 40010U 14033A   18278.28967699  .00000034  00000-0  10881-4 0  9997
2 40010  97.8556 177.4312 0016433 162.8464 197.3310 14.82078789232319
HODOYOSHI-4             
1 40011U 14033B   18278.27098925  .00000091  00000-0  18377-4 0  9995
2 40011  97.8383 172.3949 0026937 162.6099 197.6050 14.81037732232079
DEIMOS-2                
1 40013U 14033D   18278.07133214 -.00000466  00000-0 -48851-4 0  9994
2 40013  97.8514 181.1512 0000956 114.3851 245.7458 14.84646254232675
HODOYOSHI-3             
1 40015U 14033F   18277.51313558  .00000083  00000-0  18343-4 0  9991
2 40015  97.8173 163.7217 0037003 177.5861 182.5535 14.78420926231550
SPOT 7                  
1 40053U 14034A   18278.11675236 -.00000037  00000-0  18022-5 0  9990
2 40053  98.1769 344.0191 0001178  95.8866 264.2481 14.58562323227103
SKYSAT-2                
1 40072U 14037D   18278.14563549  .00000068  00000-0  16253-4 0  9996
2 40072  98.3900  54.4930 0006383 335.9455  24.1461 14.81116972229284
WORLDVIEW-3 (WV-3)      
1 40115U 14048A   18277.91493051 -.00000050  00000-0  38761-6 0  9992
2 40115  97.8340 356.2771 0001202 124.8664 235.2654 14.84964361224552
YAOGAN 21               
1 40143U 14053A   18278.10955671  .00000721  00000-0  31731-4 0  9994
2 40143  97.2598 343.3865 0010529 317.1019 132.2908 15.24913158226773
YAOGAN 22               
1 40275U 14063A   18278.30401956 -.00000045  00000-0  00000+0 0  9995
2 40275 100.4501  29.2669 0006601  76.1576 284.0275 13.15330688190107
ASNARO                  
1 40298U 14070A   18278.25108156  .00000800  00000-0  40794-4 0  9995
2 40298  97.4615 359.4714 0001278  75.0128 349.2182 15.19577354217007
HODOYOSHI-1             
1 40299U 14070B   18278.24547888  .00000565  00000-0  26923-4 0  9990
2 40299  97.3712 358.0464 0011898 219.0114 225.7427 15.23042557217238
QSAT-EOS                
1 40301U 14070D   18278.23088796  .00001434  00000-0  59750-4 0  9991
2 40301  97.3516 355.2986 0025184 221.9926 222.5191 15.25091788217198
YAOGAN 23               
1 40305U 14071A   18278.25197833  .00000467  00000-0  26341-4 0  9996
2 40305  97.4640 213.6706 0002002 103.3618  35.9746 15.17911884215495
YAOGAN 24               
1 40310U 14072A   18278.25778958  .00000054  00000-0  15095-4 0  9992
2 40310  98.0551  41.2441 0016967 345.1465  14.9254 14.77233788208859
CBERS 4                 
1 40336U 14079A   18278.23845984 -.00000016  00000-0  92902-5 0  9991
2 40336  98.4046 347.0732 0001579  81.7294 278.4073 14.35486781200569
RESURS P2               
1 40360U 14087A   18278.23701480  .00000650  00000-0  22936-4 0  9991
2 40360  97.2671   8.5609 0007856 245.6008 198.7101 15.32766575211138
YAOGAN 26               
1 40362U 14088A   18278.27038387  .00000906  00000-0  37246-4 0  9991
2 40362  97.3147 353.6685 0005945  54.4689  30.4644 15.26681160210238
SMAP                    
1 40376U 15003A   18278.12331971  .00000009  00000-0  10795-4 0  9997
2 40376  98.1227 283.8336 0001734  83.9129 276.2268 14.63367215196356
KOMPSAT-3A              
1 40536U 15014A   18278.27303068 -.00000021  00000-0  25464-5 0  9994
2 40536  97.5229 214.8530 0012290 117.0913  42.5273 15.12026085194842
SENTINEL-2A             
1 40697U 15028A   18278.21446627  .00000012  00000-0  21227-4 0  9991
2 40697  98.5716 351.3326 0001258  81.1362 278.9968 14.30816583171629
CARBONITE 1 (CBNT-1)    
1 40718U 15032D   18278.21742258  .00000034  00000-0  12621-4 0  9991
2 40718  97.9119 166.0423 0018165  53.9904 306.2985 14.74620062174255
YAOGAN 27               
1 40878U 15040A   18278.24229990 -.00000044  00000-0  00000+0 0  9998
2 40878 100.3310 334.1775 0008366 202.9029 157.1712 13.15960462149302
LAPAN-A2                
1 40931U 15052B   18277.54792363  .00000681  00000-0  58799-5 0  9992
2 40931   6.0007  90.2823 0012615 116.2447 243.8990 14.76586380163199
YAOGAN 28               
1 41026U 15064A   18278.28807448  .00001086  00000-0  39772-4 0  9993
2 41026  97.3743  45.8067 0011087  75.9683   4.6438 15.30142195162402
YAOGAN 29               
1 41038U 15069A   18278.22161709 -.00000015  00000-0  48401-5 0  9990
2 41038  97.9501 259.5454 0002295  84.6601 275.4876 14.80377972154362
KENT RIDGE 1            
1 41167U 15077B   18278.33907218  .00000831  00000-0  10740-4 0  9996
2 41167  14.9794 324.1671 0011412  72.9270  19.3437 15.08939994154818
TELEOS 1                
1 41169U 15077D   18278.33323892  .00001279  00000-0  36836-4 0  9999
2 41169  14.9767 317.4249 0010342  81.6555 359.6002 15.09993661154876
JASON-3                 
1 41240U 16002A   18277.55593725 -.00000062  00000-0 -44775-5 0  9998
2 41240  66.0410 216.8641 0007844 266.5404  93.4714 12.80929545126909
SENTINEL-3A             
1 41335U 16011A   18278.28901979 -.00000023  00000-0  85428-5 0  9994
2 41335  98.6294 343.9277 0001156 106.8618 253.2689 14.26735250137106
SENTINEL-1B             
1 41456U 16025A   18278.21837809 -.00000091  00000-0 -95911-5 0  9990
2 41456  98.1823 283.9127 0001314  72.9479 287.1868 14.59197265130139
ZIYUAN 3-2 (ZY 3-2)     
1 41556U 16033A   18278.27255071  .00000574  00000-0  28767-4 0  9999
2 41556  97.4221 354.5829 0002479  68.6883   3.8950 15.21280549130472
NUSAT-1 (FRESCO)        
1 41557U 16033B   18278.29127053  .00001169  00000-0  46630-4 0  9990
2 41557  97.4331   2.1776 0014964 120.2742 239.9980 15.27122822130967
NUSAT-2 (BATATA)        
1 41558U 16033C   18278.23514613 -.00000074  00000-0  32080-7 0  9999
2 41558  97.4353   2.3904 0014529 123.8325 236.4300 15.28412512130956
CARTOSAT-2C             
1 41599U 16040A   18278.27521944  .00000462  00000-0  25091-4 0  9992
2 41599  97.3985 337.2289 0012659 213.8162 217.7569 15.19256507126783
SKYSAT-C1               
1 41601U 16040C   18278.29425317  .00000492  00000-0  23939-4 0  9997
2 41601  97.5618 353.1006 0000900  58.6517  12.3170 15.23091217127037
LAPAN-A3                
1 41603U 16040E   18278.24019291  .00000084  00000-0  71306-5 0  9993
2 41603  97.3996 337.6922 0012516 210.5007 235.3952 15.19612853126796
BIROS                   
1 41604U 16040F   18278.19028089  .00000393  00000-0  20525-4 0  9992
2 41604  97.4020 339.3408 0011927 197.9918 162.0897 15.21474086126890
SKYSAT-C4               
1 41771U 16058B   18278.18179894  .00000421  00000-0  20845-4 0  9993
2 41771  97.4326 347.4108 0001437  76.2495 336.2195 15.23082120113961
SKYSAT-C5               
1 41772U 16058C   18278.25366521  .00000393  00000-0  19690-4 0  9991
2 41772  97.4314 347.0910 0001237  56.7672 339.1373 15.22960664113961
SKYSAT-C2               
1 41773U 16058D   18278.35439538  .00000465  00000-0  22676-4 0  9990
2 41773  97.4332 347.6723 0001607  86.1693 331.4339 15.23115196113983
SKYSAT-C3               
1 41774U 16058E   18278.29859291  .00000453  00000-0  22133-4 0  9991
2 41774  97.4344 347.5895 0001761  52.2577 348.1027 15.23194543113973
ALSAT 1B                
1 41785U 16059C   18278.19632658 -.00000008  00000-0  77573-5 0  9995
2 41785  98.1045 338.2545 0032524 107.2380 253.2398 14.63297632108049
PATHFINDER 1            
1 41787U 16059E   18278.18623606  .00000043  00000-0  17492-4 0  9990
2 41787  98.1041 338.6873 0031116 106.1006 254.3628 14.63623828108064
SCATSAT 1               
1 41790U 16059H   18278.17400114  .00000003  00000-0  11836-4 0  9992
2 41790  98.2482 323.9003 0019448 112.5494 247.7761 14.50875291107136
WORLDVIEW-4 (WV-4)      
1 41848U 16067A   18278.21750165 -.00000001  00000-0  61473-5 0  9996
2 41848  97.9044 354.5526 0000202 166.1428 193.9792 14.84976632102757
GOKTURK 1A              
1 41875U 16073A   18278.22762899 -.00000007  00000-0  77762-5 0  9995
2 41875  98.1558 171.1299 0001202  83.4671 276.6667 14.62737955 97743
RESOURCESAT-2A          
1 41877U 16074A   18278.20010718 -.00000008  00000-0  15952-4 0  9995
2 41877  98.6633 351.2205 0001442  64.1751 295.9573 14.21652881 94772
CARTOSAT-2D             
1 41948U 17008A   18278.16600620  .00000384  00000-0  21430-4 0  9998
2 41948  97.4334 338.2310 0007014  16.0761 344.0695 15.19236836 90634
SENTINEL-2B             
1 42063U 17013A   18278.24941528  .00000006  00000-0  18846-4 0  9995
2 42063  98.5721 351.3678 0001192  87.9918 272.1408 14.30815052 82549
ZHUHAI-1 02 (CAS 4B)    
1 42759U 17034B   18278.26449059  .00000272  00000-0  30299-4 0  9995
2 42759  43.0180 198.9239 0009014  71.7169  63.1750 15.09383751 72082
NUSAT-3 (MILANESAT)     
1 42760U 17034C   18278.25380404  .00000174  00000-0  24328-4 0  9991
2 42760  43.0171 199.6432 0007856  76.5597  54.9605 15.09244875 72087
ZHUHAI-1 01 (CAS 4A)    
1 42761U 17034D   18278.24566155  .00000270  00000-0  30108-4 0  9990
2 42761  43.0191 198.7307 0009127  74.3295  87.8323 15.09460136 72076
CARTOSAT-2E             
1 42767U 17036C   18278.17284154  .00000367  00000-0  20561-4 0  9995
2 42767  97.3880 334.5459 0010016  52.2683 307.9458 15.19283923 71209
FORMOSAT-5              
1 42920U 17049A   18278.19597858 -.00000022  00000-0  58595-5 0  9998
2 42920  98.3537 353.7199 0011678  75.0690 285.1803 14.50806104 58932
SENTINEL-5P             
1 42969U 17064A   18277.57847075 -.00000013  00000-0  14299-4 0  9990
2 42969  98.7057 215.8489 0001203  82.9716 277.1597 14.19546186 50529
SKYSAT-C11              
1 42987U 17068A   18278.27958982  .00000488  00000-0  24735-4 0  9993
2 42987  97.4129  30.4892 0011037  46.5678 313.6474 15.21481243 51407
SKYSAT-C10              
1 42988U 17068B   18278.26764744  .00000502  00000-0  25380-4 0  9998
2 42988  97.4126  30.3861 0006211  68.0606 292.1290 15.21484929 51409
SKYSAT-C9               
1 42989U 17068C   18278.32363615  .00000505  00000-0  25633-4 0  9992
2 42989  97.4144  30.8376 0002770  86.3507 273.8045 15.21315103 51439
SKYSAT-C8               
1 42990U 17068D   18278.31279106  .00000513  00000-0  25812-4 0  9992
2 42990  97.4146  30.7111 0007024  90.9700 269.2340 15.21546494 51427
SKYSAT-C7               
1 42991U 17068E   18278.30334883  .00000527  00000-0  26534-4 0  9993
2 42991  97.4144  30.7149 0007835 103.6144 256.5965 15.21441519 51425
SKYSAT-C6               
1 42992U 17068F   18278.29124198  .00000542  00000-0  27149-4 0  9998
2 42992  97.4148  30.8920 0012543 149.6934 210.5030 15.21472622 51430
CARTOSAT-2F             
1 43111U 18004A   18278.14947218  .00000400  00000-0  22211-4 0  9991
2 43111  97.4713 338.1343 0005854  72.1161 288.0712 15.19248493 40387
MICROSAT-TD             
1 43128U 18004T   18278.20440205  .00019725  00000-0  16012-3 0  9991
2 43128  96.8465 335.4498 0008303  48.1646 312.0325 15.70714150 41740
NUSAT-4 (ADA)           
1 43195U 18015D   18278.29182521  .00001179  00000-0  52233-4 0  9990
2 43195  97.3660  45.0330 0018928 121.8119 294.7195 15.23440933 37293
NUSAT-5 (MARYAM)        
1 43204U 18015K   18278.28861666  .00001195  00000-0  52848-4 0  9994
2 43204  97.3658  45.0370 0019333 121.7173 295.6589 15.23474838 36898
SENTINEL-3B             
1 43437U 18039A   18277.72761688 -.00000018  00000-0  10705-4 0  9999
2 43437  98.6296 343.2493 0001077  96.7960 263.3343 14.26735741 23080
AEOLUS                  
1 43600U 18066A   18276.79828794 -.00000137  00000-0  00000+0 0  9993
2 43600  96.7290 282.3743 0008749  59.5286 300.8090 15.86062969  6637
ICESAT-2                
1 43613U 18070A   18278.29572165  .00000995  00000-0  35469-4 0  9990
2 43613  92.0082 253.9973 0002385  58.5834 301.5649 15.28741306  3029
